labels -1 0 1
1 0.4029 0.124753 0.472347
1 0.403054 0.124411 0.472535
1 0.403142 0.124078 0.47278
1 0.4033 0.123714 0.472987
1 0.402746 0.124233 0.473021
1 0.403303 0.123739 0.472958
1 0.403294 0.123721 0.472985
1 0.403262 0.123773 0.472966
1 0.403228 0.123884 0.472887
1 0.40321 0.123867 0.472923
1 0.402774 0.12428 0.472946
1 0.403255 0.123778 0.472967
1 0.402424 0.124427 0.473149
1 0.402683 0.125022 0.472295
1 0.403264 0.123795 0.472941
1 0.403153 0.124281 0.472566
1 0.403256 0.123782 0.472962
1 0.403283 0.123814 0.472903
1 0.403025 0.124131 0.472844
1 0.40278 0.124591 0.472629
1 0.403206 0.123929 0.472865
1 0.403161 0.123942 0.472897
1 0.402875 0.124426 0.472699
1 0.403118 0.124003 0.472879
1 0.40315 0.12396 0.472889
1 0.403155 0.12401 0.472835
1 0.403231 0.123816 0.472954
1 0.402683 0.124774 0.472543
1 0.402663 0.124916 0.472421
1 0.402916 0.124739 0.472345
1 0.402875 0.124824 0.472301
1 0.40269 0.12453 0.47278
1 0.402651 0.124809 0.47254
1 0.403118 0.124006 0.472877
1 0.403035 0.124106 0.472859
1 0.403148 0.124096 0.472756
1 0.402844 0.124444 0.472712
1 0.40275 0.124387 0.472862
1 0.40315 0.124121 0.47273
1 0.394063 0.124352 0.481584
1 0.403191 0.123879 0.47293
1 0.403282 0.123746 0.472971
1 0.40258 0.124818 0.472602
1 0.40319 0.12389 0.472921
1 0.403144 0.123958 0.472898
1 0.403278 0.123752 0.47297
1 0.403231 0.123822 0.472947
1 0.402637 0.124982 0.47238
1 0.403221 0.124052 0.472727
1 0.402745 0.124652 0.472602
1 0.403108 0.124059 0.472833
1 0.403012 0.124291 0.472697
1 0.403163 0.124224 0.472613
1 0.403268 0.1238 0.472933
1 0.403198 0.123866 0.472936
1 0.403329 0.123668 0.473003
1 0.403311 0.123715 0.472974
1 0.403345 0.123733 0.472922
1 0.4031 0.124022 0.472878
1 0.403315 0.123686 0.472999
1 0.403255 0.123827 0.472918
1 0.403177 0.12399 0.472833
1 0.403334 0.123654 0.473012
1 0.403099 0.12403 0.472871
1 0.403254 0.123796 0.472951
1 0.40316 0.124075 0.472764
1 0.403245 0.123845 0.47291
1 0.403303 0.123694 0.473003
1 0.403224 0.123833 0.472943
1 0.403323 0.123662 0.473016
1 0.403272 0.123763 0.472965
1 0.403302 0.123708 0.47299
1 0.403262 0.123797 0.472941
1 0.40318 0.123858 0.472962
1 0.403331 0.123665 0.473005
1 0.403199 0.123872 0.472929
1 0.4032 0.123952 0.472848
1 0.403311 0.123694 0.472995
1 0.403296 0.123716 0.472988
1 0.403203 0.123818 0.472978
1 0.403274 0.123867 0.472858
1 0.4033 0.123721 0.472979
1 0.403245 0.123856 0.472899
1 0.403225 0.123853 0.472922
1 0.403217 0.124097 0.472687
1 0.403276 0.123748 0.472976
1 0.403266 0.123759 0.472975
1 0.403269 0.123812 0.472919
1 0.40329 0.123718 0.472992
1 0.403237 0.123808 0.472955
1 0.403343 0.123706 0.472951
1 0.403272 0.123783 0.472945
1 0.40315 0.123967 0.472883
1 0.40309 0.124318 0.472592
1 0.40331 0.123699 0.47299
1 0.40296 0.124414 0.472626
1 0.402666 0.124847 0.472488
1 0.403119 0.124017 0.472864
1 0.403092 0.124298 0.47261
1 0.403261 0.123772 0.472968
1 0.403075 0.124151 0.472774
1 0.403319 0.123732 0.472948
1 0.40315 0.124145 0.472706
1 0.403291 0.123798 0.472911
1 0.403259 0.123808 0.472933
1 0.40329 0.123745 0.472965
1 0.403138 0.124265 0.472598
1 0.402875 0.124394 0.472731
1 0.402952 0.124454 0.472594
1 0.403118 0.124172 0.47271
1 0.402781 0.124663 0.472556
1 0.403272 0.123799 0.472929
1 0.402809 0.124721 0.47247
1 0.403294 0.123812 0.472893
1 0.403176 0.123912 0.472911
1 0.403258 0.123793 0.472949
1 0.403157 0.123966 0.472877
1 0.403086 0.124102 0.472812
1 0.403075 0.124077 0.472848
1 0.402602 0.124927 0.472471
1 0.402609 0.124804 0.472587
1 0.403313 0.123726 0.472961
1 0.403216 0.123987 0.472797
1 0.403266 0.123777 0.472957
1 0.403079 0.124177 0.472744
1 0.402635 0.124842 0.472523
1 0.403041 0.124201 0.472758
1 0.402802 0.124558 0.472641
1 0.403001 0.124174 0.472825
1 0.402707 0.124857 0.472435
1 0.403046 0.12429 0.472664
1 0.403126 0.124091 0.472783
1 0.403264 0.123785 0.472951
1 0.403168 0.124034 0.472798
1 0.403131 0.124176 0.472693
1 0.403303 0.123719 0.472978
1 0.403317 0.123791 0.472892
1 0.403253 0.123756 0.472991
1 0.403302 0.123711 0.472987
1 0.40333 0.123682 0.472988
1 0.403199 0.123871 0.47293
1 0.403297 0.123711 0.472992
1 0.403318 0.123734 0.472948
1 0.403319 0.123681 0.473001
1 0.403313 0.123707 0.47298
1 0.403185 0.123907 0.472907
1 0.403225 0.123835 0.47294
1 0.402962 0.124323 0.472715
1 0.403001 0.12423 0.472769
1 0.402521 0.124969 0.47251
1 0.403187 0.123908 0.472905
1 0.403267 0.123889 0.472844
1 0.403152 0.124128 0.47272
1 0.403185 0.123929 0.472886
1 0.40325 0.123846 0.472905
1 0.403258 0.123777 0.472965
1 0.403222 0.123893 0.472885
1 0.403287 0.123743 0.472971
1 0.403121 0.124092 0.472787
1 0.403064 0.124191 0.472745
1 0.403144 0.124002 0.472854
1 0.40325 0.12383 0.47292
1 0.403076 0.124151 0.472772
1 0.402755 0.124645 0.4726
1 0.403258 0.123785 0.472957
1 0.403277 0.123745 0.472978
1 0.402894 0.124338 0.472769
1 0.403277 0.123747 0.472976
1 0.402923 0.124319 0.472758
1 0.403122 0.124 0.472878
1 0.403269 0.123769 0.472962
1 0.403262 0.123768 0.47297
1 0.403075 0.124093 0.472832
1 0.403186 0.123909 0.472905
1 0.403284 0.123741 0.472975
1 0.403041 0.124169 0.472789
1 0.403138 0.124013 0.472849
1 0.403184 0.123935 0.472881
1 0.403048 0.124112 0.472841
1 0.40322 0.123852 0.472928
1 0.403204 0.12392 0.472876
1 0.40305 0.124201 0.472749
1 0.403045 0.124141 0.472814
1 0.403357 0.124067 0.472576
1 0.403328 0.123666 0.473006
1 0.403284 0.123743 0.472973
1 0.403136 0.124005 0.472859
1 0.403291 0.123734 0.472975
1 0.403107 0.124094 0.472799
1 0.403273 0.123745 0.472982
1 0.403283 0.123816 0.472901
1 0.403299 0.123748 0.472953
1 0.402987 0.124408 0.472605
1 0.403239 0.123909 0.472853
1 0.403092 0.124119 0.47279
1 0.402862 0.124801 0.472337
1 0.403241 0.123947 0.472812
1 0.403334 0.123658 0.473008
1 0.403291 0.12373 0.47298
1 0.403314 0.123688 0.472998
1 0.403279 0.12376 0.472962
1 0.403275 0.123747 0.472979
1 0.403212 0.123851 0.472937
1 0.403166 0.124082 0.472752
1 0.403092 0.124046 0.472862
1 0.403289 0.123731 0.47298
1 0.403247 0.123802 0.472952
1 0.40334 0.123691 0.472969
1 0.403079 0.12442 0.472501
1 0.403316 0.123687 0.472997
1 0.403353 0.123665 0.472982
1 0.403223 0.123874 0.472903
1 0.403361 0.123625 0.473014
1 0.40321 0.123951 0.472839
1 0.403307 0.123729 0.472964
1 0.403247 0.123868 0.472885
1 0.403297 0.123718 0.472985
1 0.403303 0.123701 0.472996
1 0.403202 0.123911 0.472887
1 0.403315 0.123697 0.472988
1 0.402753 0.12487 0.472377
1 0.403111 0.124128 0.472761
1 0.403036 0.124173 0.472791
1 0.403237 0.12383 0.472933
1 0.403088 0.124072 0.472839
1 0.403262 0.123788 0.472949
1 0.402464 0.124302 0.473233
1 0.403178 0.123989 0.472833
1 0.402939 0.124569 0.472492
1 0.403017 0.124206 0.472777
1 0.40325 0.123806 0.472945
1 0.403019 0.124054 0.472927
1 0.403292 0.123742 0.472966
1 0.402891 0.124363 0.472746
1 0.402988 0.124312 0.472699
1 0.403123 0.124061 0.472817
1 0.403242 0.124102 0.472656
1 0.403247 0.123961 0.472791
1 0.402964 0.124252 0.472784
1 0.403255 0.123834 0.472911
1 0.402579 0.124894 0.472527
1 0.402583 0.124989 0.472428
1 0.402778 0.124643 0.47258
1 0.403 0.124263 0.472738
1 0.402636 0.124959 0.472405
1 0.402904 0.124614 0.472482
1 0.403182 0.124224 0.472594
1 0.403442 0.124126 0.472433
1 0.403223 0.123862 0.472915
1 0.40274 0.125011 0.472249
1 0.403138 0.124837 0.472025
1 0.403192 0.124495 0.472313
1 0.403399 0.124064 0.472537
1 0.403185 0.124061 0.472754
1 0.403197 0.124119 0.472684
1 0.402443 0.124349 0.473208
1 0.403348 0.123632 0.47302
1 0.403252 0.124146 0.472602
1 0.40255 0.125137 0.472313
1 0.403057 0.124221 0.472722
1 0.40299 0.124259 0.472751
1 0.399715 0.125553 0.474732
1 0.403095 0.1241 0.472804
1 0.403648 0.122867 0.473485
1 0.403136 0.124049 0.472815
1 0.403183 0.124114 0.472703
1 0.403329 0.124447 0.472224
1 0.403305 0.12372 0.472975
1 0.403221 0.124015 0.472764
1 0.403352 0.123651 0.472997
1 0.402926 0.124662 0.472412
1 0.402859 0.124772 0.47237
1 0.402997 0.124298 0.472705
1 0.402171 0.125161 0.472668
1 0.403071 0.124197 0.472732
1 0.40311 0.12462 0.472269
1 0.402934 0.124503 0.472562
1 0.402681 0.124936 0.472383
1 0.402976 0.124558 0.472466
1 0.403038 0.124614 0.472348
1 0.402707 0.124715 0.472578
1 0.403299 0.123716 0.472986
1 0.403256 0.123834 0.472911
1 0.402838 0.124584 0.472577
1 0.402978 0.124157 0.472865
1 0.403304 0.123763 0.472932
1 0.403344 0.123655 0.473001
1 0.40329 0.123766 0.472943
1 0.403268 0.123912 0.47282
1 0.403119 0.124466 0.472414
1 0.403168 0.124074 0.472758
1 0.396553 0.116511 0.486936
1 0.403029 0.124135 0.472835
1 0.403255 0.123834 0.472911
1 0.403246 0.123911 0.472842
1 0.403043 0.124185 0.472772
1 0.402763 0.124903 0.472334
1 0.402855 0.124822 0.472324
1 0.403314 0.123706 0.47298
1 0.402664 0.125006 0.47233
1 0.402844 0.124717 0.472439
1 0.402876 0.124499 0.472625
1 0.403216 0.123928 0.472856
1 0.403272 0.123784 0.472944
1 0.403191 0.123892 0.472917
1 0.403082 0.124163 0.472756
1 0.402911 0.124529 0.47256
1 0.402677 0.124837 0.472486
1 0.403031 0.124208 0.472761
1 0.40329 0.123766 0.472944
1 0.403269 0.123874 0.472856
1 0.403148 0.124121 0.472731
1 0.40299 0.124222 0.472788
1 0.403234 0.124431 0.472335
1 0.403054 0.124509 0.472437
1 0.402057 0.125499 0.472445
1 0.393245 0.121357 0.485398
1 0.402227 0.125323 0.47245
1 0.403294 0.12377 0.472936
1 0.403248 0.123796 0.472955
1 0.403141 0.124053 0.472807
1 0.403261 0.123795 0.472943
1 0.402944 0.124428 0.472628
1 0.403124 0.124023 0.472853
1 0.403227 0.124109 0.472664
1 0.403227 0.123832 0.472941
1 0.403246 0.123886 0.472868
1 0.403264 0.123811 0.472925
1 0.403326 0.123718 0.472956
1 0.402963 0.124457 0.47258
1 0.403243 0.123803 0.472954
1 0.403178 0.123926 0.472896
1 0.403234 0.123945 0.472821
1 0.403111 0.124015 0.472874
1 0.403322 0.123675 0.473003
1 0.403066 0.124168 0.472766
1 0.403048 0.124146 0.472806
1 0.403289 0.123734 0.472977
1 0.402473 0.125289 0.472238
1 0.40304 0.124145 0.472814
1 0.403288 0.123848 0.472864
1 0.403317 0.123693 0.47299
1 0.40326 0.123797 0.472942
1 0.400679 0.125487 0.473835
1 0.402668 0.124698 0.472634
1 0.403078 0.124133 0.472789
1 0.402838 0.124483 0.472679
1 0.403279 0.12376 0.472961
1 0.402523 0.125069 0.472408
1 0.403005 0.124623 0.472372
1 0.40293 0.124523 0.472547
1 0.40328 0.123801 0.472919
1 0.403009 0.124404 0.472587
1 0.40314 0.12399 0.47287
1 0.403253 0.12389 0.472857
1 0.40326 0.123862 0.472878
1 0.403235 0.123878 0.472887
1 0.402953 0.124752 0.472294
1 0.403308 0.123704 0.472988
1 0.403132 0.123985 0.472884
1 0.403272 0.123815 0.472913
1 0.403293 0.123737 0.47297
1 0.403273 0.12376 0.472968
1 0.403068 0.124108 0.472824
1 0.402497 0.125187 0.472316
1 0.402639 0.124696 0.472664
1 0.403172 0.123986 0.472842
1 0.40325 0.1238 0.47295
1 0.403176 0.123915 0.472909
1 0.40324 0.123944 0.472817
1 0.403251 0.123815 0.472934
1 0.403236 0.123817 0.472947
1 0.403064 0.124656 0.47228
1 0.402857 0.124827 0.472316
1 0.40332 0.123742 0.472939
1 0.402838 0.124744 0.472418
1 0.403131 0.124151 0.472718
1 0.403316 0.123688 0.472997
1 0.402896 0.124585 0.472519
1 0.403194 0.123913 0.472894
1 0.403241 0.123848 0.472911
1 0.403163 0.123952 0.472885
1 0.400558 0.125861 0.473581
1 0.403277 0.123902 0.472821
1 0.403298 0.12377 0.472932
1 0.403271 0.123768 0.472961
1 0.403277 0.123752 0.472971
1 0.403238 0.123808 0.472953
1 0.403289 0.123768 0.472943
1 0.4032 0.123885 0.472915
1 0.40326 0.123947 0.472793
1 0.403315 0.12368 0.473005
1 0.403229 0.123867 0.472904
1 0.403238 0.123811 0.472951
1 0.403243 0.123796 0.472961
1 0.403323 0.123677 0.473
1 0.40326 0.123774 0.472966
1 0.403256 0.123828 0.472916
1 0.403253 0.12382 0.472927
1 0.403183 0.123924 0.472893
1 0.403273 0.123857 0.472871
1 0.403259 0.123827 0.472914
1 0.403192 0.12388 0.472928
1 0.403189 0.123886 0.472924
1 0.402996 0.124331 0.472673
1 0.403246 0.123754 0.473
1 0.403107 0.124068 0.472825
1 0.403256 0.123774 0.47297
1 0.403256 0.123793 0.472952
1 0.402983 0.124392 0.472625
1 0.403119 0.123997 0.472884
1 0.403271 0.123766 0.472963
1 0.402907 0.124644 0.472449
1 0.403231 0.123872 0.472898
1 0.403171 0.123986 0.472843
1 0.403237 0.123821 0.472942
1 0.403096 0.124051 0.472854
1 0.403169 0.124377 0.472454
1 0.403006 0.124369 0.472625
1 0.403313 0.123694 0.472993
1 0.403184 0.123957 0.472859
1 0.403272 0.123757 0.472972
1 0.403071 0.124174 0.472755
1 0.403249 0.124046 0.472705
1 0.403189 0.1239 0.472911
1 0.40328 0.123769 0.472951
1 0.402932 0.12465 0.472417
1 0.403007 0.124565 0.472428
1 0.403086 0.124071 0.472844
1 0.403195 0.123882 0.472923
1 0.403271 0.123757 0.472972
1 0.403249 0.123798 0.472953
1 0.4032 0.123875 0.472925
1 0.403297 0.123728 0.472976
1 0.403239 0.123813 0.472948
1 0.402576 0.124873 0.472551
1 0.402824 0.1248 0.472376
1 0.402786 0.12467 0.472544
1 0.402897 0.12437 0.472733
1 0.403162 0.123979 0.472859
1 0.403261 0.124186 0.472553
1 0.403139 0.124063 0.472798
1 0.403238 0.123929 0.472833
1 0.403272 0.123763 0.472966
1 0.403125 0.124174 0.472701
1 0.402487 0.125239 0.472274
1 0.403237 0.123817 0.472946
1 0.403218 0.124246 0.472536
1 0.403274 0.123757 0.472969
1 0.403314 0.123737 0.472949
1 0.403192 0.12391 0.472898
1 0.403224 0.123878 0.472898
1 0.403268 0.123754 0.472978
1 0.403185 0.123886 0.472929
1 0.403263 0.123761 0.472975
1 0.403279 0.123742 0.472979
1 0.403245 0.123837 0.472918
1 0.403245 0.123789 0.472966
1 0.4032 0.12394 0.47286
1 0.40307 0.124446 0.472484
1 0.402724 0.125 0.472276
1 0.402368 0.125262 0.47237
1 0.403092 0.124598 0.472309
1 0.402853 0.124691 0.472456
1 0.401619 0.125449 0.472933
1 0.402613 0.125187 0.4722
1 0.403082 0.124627 0.472292
1 0.403024 0.124845 0.472131
1 0.403278 0.123846 0.472876
1 0.403171 0.124389 0.47244
1 0.397981 0.12479 0.477229
1 0.402654 0.12498 0.472366
1 0.403186 0.12389 0.472923
1 0.403221 0.123961 0.472818
1 0.403188 0.123888 0.472924
1 0.403224 0.123867 0.472909
1 0.403291 0.123727 0.472982
1 0.403224 0.123837 0.472938
1 0.403215 0.123858 0.472927
1 0.403275 0.123764 0.472961
1 0.40259 0.124893 0.472517
1 0.403223 0.123988 0.472789
1 0.402894 0.124461 0.472645
1 0.403218 0.123855 0.472928
1 0.402662 0.124935 0.472402
1 0.403098 0.124105 0.472797
1 0.403295 0.123725 0.47298
1 0.40312 0.124123 0.472757
1 0.403011 0.124219 0.47277
1 0.402526 0.12497 0.472504
1 0.403131 0.12451 0.472359
1 0.363074 0.0760808 0.560845
1 0.403067 0.124087 0.472846
1 0.403323 0.12369 0.472987
1 0.403159 0.124211 0.472629
1 0.403152 0.123995 0.472853
1 0.403194 0.123888 0.472918
1 0.403193 0.123962 0.472845
1 0.40313 0.124256 0.472614
1 0.403248 0.123886 0.472866
1 0.403123 0.124222 0.472655
1 0.403221 0.123833 0.472945
1 0.403032 0.124285 0.472683
1 0.402922 0.124445 0.472633
1 0.403286 0.12381 0.472905
1 0.403266 0.123934 0.4728
1 0.403152 0.123955 0.472892
1 0.403315 0.12379 0.472895
1 0.403247 0.123813 0.47294
1 0.403239 0.123964 0.472796
1 0.4031 0.124074 0.472826
1 0.403267 0.123831 0.472901
1 0.40309 0.124572 0.472338
1 0.403233 0.123843 0.472924
1 0.402773 0.124804 0.472423
1 0.403141 0.124049 0.47281
1 0.403048 0.124345 0.472607
1 0.403248 0.12419 0.472562
1 0.403243 0.123825 0.472932
1 0.403175 0.123906 0.472919
1 0.403243 0.123881 0.472876
1 0.403084 0.124166 0.47275
1 0.402796 0.124755 0.47245
1 0.402521 0.12515 0.472329
1 0.403325 0.123679 0.472997
1 0.40329 0.123814 0.472896
1 0.403225 0.123918 0.472857
1 0.403419 0.124035 0.472546
1 0.403276 0.123977 0.472747
1 0.403333 0.123708 0.472959
1 0.403301 0.123718 0.472981
1 0.403219 0.123888 0.472892
1 0.403181 0.123993 0.472826
1 0.403222 0.123992 0.472786
1 0.403153 0.123924 0.472924
1 0.403241 0.12382 0.472938
1 0.403023 0.124177 0.472801
1 0.403066 0.12414 0.472794
1 0.403176 0.123977 0.472848
1 0.403195 0.123882 0.472923
1 0.403217 0.123868 0.472915
1 0.402662 0.124729 0.472609
1 0.403226 0.123845 0.47293
1 0.403203 0.123901 0.472896
1 0.402839 0.124578 0.472582
1 0.40318 0.123925 0.472895
1 0.403282 0.123767 0.472951
1 0.402813 0.124924 0.472262
1 0.403127 0.124035 0.472838
1 0.403284 0.123736 0.47298
1 0.403279 0.123756 0.472965
1 0.403146 0.124148 0.472706
1 0.403311 0.123706 0.472983
1 0.403258 0.123833 0.472909
1 0.403322 0.123729 0.472949
1 0.40324 0.123827 0.472933
1 0.40325 0.123801 0.472948
1 0.403112 0.124223 0.472664
1 0.40309 0.124126 0.472785
1 0.402746 0.12469 0.472565
1 0.403225 0.124073 0.472702
1 0.403305 0.123724 0.472971
1 0.403032 0.124226 0.472742
1 0.402849 0.124519 0.472633
1 0.403069 0.124098 0.472833
1 0.403242 0.123858 0.4729
1 0.403256 0.123881 0.472863
1 0.403198 0.123892 0.47291
1 0.402888 0.124373 0.472739
1 0.402759 0.124721 0.47252
1 0.402904 0.124397 0.472699
1 0.401155 0.125935 0.47291
1 0.393849 0.124637 0.481514
1 0.40326 0.123854 0.472886
1 0.403051 0.124131 0.472818
1 0.403181 0.123926 0.472892
1 0.400526 0.125532 0.473942
1 0.403121 0.124017 0.472861
1 0.403205 0.123887 0.472908
1 0.403151 0.124275 0.472573
1 0.403162 0.123936 0.472902
1 0.403155 0.123967 0.472878
1 0.402907 0.124422 0.472671
1 0.40323 0.12386 0.47291
1 0.403294 0.12374 0.472965
1 0.402776 0.12489 0.472334
1 0.403248 0.123818 0.472934
1 0.403315 0.123689 0.472996
1 0.403208 0.123867 0.472925
1 0.40315 0.124062 0.472788
1 0.40166 0.125373 0.472967
1 0.403278 0.12377 0.472951
1 0.402983 0.124228 0.472788
1 0.403063 0.12419 0.472748
1 0.403275 0.123789 0.472936
1 0.403316 0.123701 0.472983
1 0.403093 0.12465 0.472257
1 0.403181 0.123924 0.472895
1 0.403168 0.123999 0.472833
1 0.403321 0.123901 0.472778
1 0.403174 0.123959 0.472867
1 0.403061 0.124193 0.472745
1 0.4032 0.123959 0.472841
1 0.402622 0.12489 0.472488
1 0.403226 0.123869 0.472905
1 0.40226 0.125256 0.472484
1 0.402943 0.124359 0.472699
1 0.403089 0.124193 0.472717
1 0.403243 0.124093 0.472665
1 0.403256 0.123819 0.472926
1 0.40326 0.12384 0.4729
1 0.403127 0.124196 0.472677
1 0.403285 0.123742 0.472973
1 0.403243 0.123843 0.472914
1 0.403058 0.124108 0.472834
1 0.402939 0.124951 0.47211
1 0.403057 0.124118 0.472825
1 0.403124 0.124035 0.472842
1 0.40314 0.124029 0.47283
1 0.402845 0.124529 0.472626
1 0.403111 0.124027 0.472863
1 0.403109 0.124043 0.472848
1 0.403081 0.124104 0.472815
1 0.403075 0.124098 0.472827
1 0.403064 0.124112 0.472824
1 0.402756 0.124685 0.472559
1 0.40329 0.123763 0.472947
1 0.403243 0.123864 0.472892
1 0.402711 0.124776 0.472513
1 0.403203 0.123873 0.472924
1 0.403143 0.124223 0.472634
1 0.4028 0.124529 0.472671
1 0.403029 0.1242 0.472771
1 0.402693 0.124827 0.47248
1 0.402849 0.124636 0.472515
1 0.40303 0.124174 0.472797
1 0.402938 0.124301 0.472761
1 0.403261 0.123772 0.472967
1 0.403166 0.124021 0.472813
1 0.403246 0.123923 0.472831
1 0.403072 0.1241 0.472828
1 0.402832 0.124526 0.472642
1 0.403177 0.12398 0.472843
1 0.40279 0.124691 0.472519
1 0.402812 0.12479 0.472398
1 0.403173 0.124012 0.472815
1 0.402932 0.124343 0.472725
1 0.402917 0.124505 0.472578
1 0.403092 0.124112 0.472796
1 0.40311 0.124112 0.472778
1 0.403138 0.124023 0.472839
1 0.403264 0.123799 0.472937
1 0.403166 0.124296 0.472538
1 0.402844 0.124444 0.472712
1 0.402822 0.124887 0.47229
1 0.403223 0.123904 0.472873
1 0.403108 0.124056 0.472836
1 0.403133 0.124035 0.472832
1 0.402753 0.124806 0.472441
1 0.403144 0.124071 0.472785
1 0.402928 0.12457 0.472502
1 0.40312 0.124098 0.472782
1 0.403018 0.124188 0.472793
1 0.402984 0.124402 0.472614
1 0.403058 0.124113 0.472829
1 0.403001 0.124366 0.472633
1 0.40301 0.124194 0.472797
1 0.402963 0.124277 0.47276
1 0.403181 0.123926 0.472893
1 0.403147 0.123967 0.472886
1 0.40315 0.124003 0.472847
1 0.403059 0.124208 0.472733
1 0.403344 0.123634 0.473022
1 0.402808 0.124685 0.472507
1 0.402998 0.124683 0.472319
1 0.403155 0.123943 0.472902
1 0.40274 0.124673 0.472587
1 0.403185 0.123944 0.472871
1 0.402843 0.124514 0.472642
1 0.402856 0.124549 0.472595
1 0.403289 0.124008 0.472702
1 0.403139 0.124002 0.472859
1 0.40328 0.123757 0.472962
1 0.4033 0.123709 0.472991
1 0.403298 0.123724 0.472978
1 0.403281 0.123782 0.472938
1 0.403095 0.124073 0.472832
1 0.40326 0.123768 0.472972
1 0.403283 0.123757 0.472959
1 0.403258 0.123786 0.472956
1 0.403057 0.124209 0.472733
1 0.403192 0.123882 0.472926
1 0.403267 0.123763 0.47297
1 0.403293 0.123722 0.472984
1 0.403125 0.123995 0.47288
1 0.402871 0.12443 0.472699
1 0.403007 0.124585 0.472408
1 0.403317 0.123681 0.473002
1 0.403184 0.123903 0.472913
1 0.403162 0.123932 0.472906
1 0.403172 0.124055 0.472773
1 0.403179 0.123921 0.4729
1 0.403018 0.124096 0.472886
1 0.391015 0.122189 0.486796
1 0.40327 0.12376 0.472969
1 0.403268 0.123803 0.472929
1 0.403075 0.124064 0.47286
1 0.403245 0.123915 0.47284
1 0.403303 0.123702 0.472995
1 0.403197 0.123869 0.472934
1 0.403299 0.123708 0.472993
1 0.403263 0.12393 0.472807
1 0.403281 0.12382 0.472899
1 0.403296 0.123726 0.472978
1 0.403213 0.124079 0.472708
1 0.403243 0.123809 0.472948
1 0.403278 0.123761 0.472962
1 0.403241 0.123868 0.472892
1 0.402952 0.12427 0.472779
1 0.40329 0.123747 0.472963
1 0.403292 0.123711 0.472997
1 0.402773 0.125037 0.47219
1 0.403238 0.123836 0.472926
1 0.403187 0.123886 0.472927
1 0.40313 0.123978 0.472891
1 0.403148 0.123959 0.472893
1 0.402992 0.124442 0.472566
1 0.403055 0.124121 0.472824
1 0.403147 0.123964 0.472889
1 0.403152 0.124008 0.472841
1 0.403182 0.123968 0.472851
1 0.403029 0.124204 0.472768
1 0.403167 0.123968 0.472864
1 0.40278 0.124567 0.472652
1 0.401773 0.125401 0.472826
1 0.403135 0.124047 0.472818
1 0.40288 0.124312 0.472808
1 0.403164 0.123934 0.472902
1 0.402994 0.124253 0.472753
1 0.403309 0.123711 0.472981
1 0.402909 0.124488 0.472602
1 0.402833 0.12463 0.472537
1 0.403258 0.123842 0.4729
1 0.403301 0.12376 0.472939
1 0.403191 0.123947 0.472863
1 0.402457 0.125116 0.472427
1 0.402734 0.124686 0.47258
1 0.402903 0.124374 0.472723
1 0.403157 0.123975 0.472868
1 0.40298 0.124213 0.472807
1 0.40274 0.12475 0.472509
1 0.402692 0.124761 0.472546
1 0.403356 0.123636 0.473008
1 0.403265 0.123782 0.472953
1 0.403713 0.123049 0.473238
1 0.402653 0.124594 0.472752
1 0.403609 0.123429 0.472962
1 0.402972 0.124281 0.472747
1 0.4033 0.123705 0.472995
1 0.403058 0.124247 0.472695
1 0.403164 0.124411 0.472425
1 0.403081 0.124302 0.472617
1 0.403362 0.123445 0.473193
1 0.402692 0.124855 0.472453
1 0.403211 0.123873 0.472917
1 0.402638 0.12476 0.472602
1 0.402704 0.124833 0.472462
1 0.402981 0.124222 0.472797
1 0.402914 0.124461 0.472626
1 0.4028 0.124504 0.472696
1 0.403307 0.123716 0.472977
1 0.403247 0.124041 0.472712
1 0.402754 0.124728 0.472518
1 0.403197 0.123886 0.472918
1 0.403307 0.123721 0.472972
1 0.403148 0.12399 0.472862
1 0.403184 0.123939 0.472877
1 0.402705 0.124763 0.472532
1 0.403208 0.123863 0.472928
1 0.402905 0.124437 0.472658
1 0.403339 0.123703 0.472958
1 0.403173 0.123967 0.47286
1 0.402795 0.124499 0.472706
1 0.403276 0.124041 0.472682
1 0.403349 0.124561 0.47209
1 0.40259 0.124848 0.472562
1 0.403206 0.123887 0.472907
1 0.403165 0.12396 0.472875
1 0.403226 0.123889 0.472884
1 0.403305 0.123711 0.472984
1 0.403027 0.124188 0.472785
1 0.403111 0.124128 0.472762
1 0.403284 0.12385 0.472867
1 0.403154 0.123959 0.472888
1 0.403219 0.123876 0.472905
1 0.403205 0.123892 0.472904
1 0.403113 0.124164 0.472723
1 0.40271 0.124746 0.472544
1 0.403024 0.124233 0.472744
1 0.403189 0.123902 0.472909
1 0.402572 0.12486 0.472568
1 0.402947 0.124341 0.472712
1 0.403105 0.124191 0.472704
1 0.403227 0.123847 0.472926
1 0.402503 0.12489 0.472607
1 0.403252 0.123795 0.472953
1 0.403326 0.124196 0.472477
1 0.403131 0.124003 0.472865
1 0.402998 0.124213 0.472789
1 0.403198 0.123891 0.472911
1 0.403262 0.123775 0.472963
1 0.403006 0.124297 0.472697
1 0.403337 0.123664 0.472999
1 0.403288 0.123874 0.472837
1 0.403348 0.123632 0.47302
1 0.40334 0.123643 0.473017
1 0.403275 0.123834 0.472891
1 0.403354 0.123631 0.473015
1 0.403342 0.123654 0.473003
1 0.402984 0.124225 0.472791
1 0.403296 0.123713 0.472991
1 0.403016 0.124514 0.47247
1 0.403201 0.123889 0.472911
1 0.403249 0.123801 0.47295
1 0.40324 0.123837 0.472922
1 0.403201 0.123866 0.472932
1 0.402724 0.124824 0.472452
1 0.402685 0.124997 0.472318
1 0.403312 0.123696 0.472992
1 0.402675 0.124828 0.472498
1 0.402832 0.12446 0.472708
1 0.403296 0.123739 0.472965
1 0.402606 0.124882 0.472512
1 0.403111 0.124143 0.472745
1 0.403094 0.124043 0.472864
1 0.403094 0.124038 0.472868
1 0.403145 0.123969 0.472887
1 0.403331 0.123659 0.47301
1 0.403284 0.123735 0.472982
1 0.403022 0.124165 0.472813
1 0.403047 0.124179 0.472774
1 0.403267 0.123936 0.472797
1 0.403289 0.123806 0.472905
1 0.403118 0.123997 0.472884
1 0.402728 0.124987 0.472285
1 0.402925 0.124362 0.472713
1 0.403168 0.123963 0.472869
1 0.402934 0.124341 0.472725
1 0.402877 0.124411 0.472713
1 0.403027 0.124149 0.472823
1 0.40321 0.123885 0.472905
1 0.402875 0.124461 0.472664
1 0.40328 0.123751 0.472969
1 0.403252 0.123814 0.472934
1 0.403295 0.123722 0.472983
