labels -1 1 0
-1 0.459435 0.417056 0.123509
-1 0.460027 0.416473 0.1235
-1 0.460193 0.416149 0.123658
-1 0.460081 0.416015 0.123904
-1 0.460175 0.416035 0.12379
-1 0.460085 0.416009 0.123906
-1 0.460082 0.416011 0.123907
-1 0.460097 0.416014 0.12389
-1 0.460138 0.416024 0.123838
-1 0.460116 0.416019 0.123865
-1 0.460152 0.416417 0.123432
-1 0.460102 0.416011 0.123887
-1 0.460215 0.416384 0.123402
-1 0.459985 0.416598 0.123417
-1 0.460087 0.416029 0.123884
-1 0.460112 0.416142 0.123746
-1 0.460103 0.416009 0.123888
-1 0.46009 0.416008 0.123902
-1 0.460105 0.416104 0.123792
-1 0.459944 0.416391 0.123664
-1 0.460142 0.41604 0.123818
-1 0.460138 0.416022 0.123839
-1 0.459908 0.416363 0.12373
-1 0.460122 0.416058 0.12382
-1 0.460122 0.416045 0.123833
-1 0.460121 0.41603 0.123849
-1 0.460106 0.416016 0.123878
-1 0.459193 0.417098 0.12371
-1 0.459278 0.417059 0.123662
-1 0.459751 0.416818 0.123431
-1 0.460016 0.416568 0.123415
-1 0.460228 0.416271 0.123501
-1 0.460189 0.416337 0.123474
-1 0.460131 0.416054 0.123815
-1 0.46018 0.416109 0.123711
-1 0.460084 0.416193 0.123723
-1 0.460195 0.416224 0.123581
-1 0.460156 0.416418 0.123426
-1 0.459962 0.416497 0.123541
-1 0.457778 0.415969 0.126253
-1 0.460119 0.416025 0.123856
-1 0.460089 0.416011 0.1239
-1 0.459999 0.416399 0.123602
-1 0.460115 0.416032 0.123853
-1 0.460199 0.416029 0.123772
-1 0.460102 0.416 0.123898
-1 0.46011 0.416017 0.123873
-1 0.459634 0.417 0.123366
-1 0.460146 0.41603 0.123823
-1 0.459587 0.416721 0.123692
-1 0.460129 0.416066 0.123805
-1 0.460165 0.416196 0.123639
-1 0.459922 0.416587 0.123491
-1 0.460111 0.416062 0.123828
-1 0.460114 0.416025 0.123861
-1 0.460073 0.416003 0.123924
-1 0.460082 0.416015 0.123903
-1 0.460125 0.416056 0.123819
-1 0.460042 0.416133 0.123825
-1 0.460111 0.416068 0.12382
-1 0.460069 0.416013 0.123918
-1 0.4601 0.416026 0.123874
-1 0.460124 0.416127 0.123749
-1 0.460058 0.416012 0.123931
-1 0.460119 0.41607 0.123811
-1 0.460094 0.416023 0.123883
-1 0.460085 0.41605 0.123865
-1 0.460101 0.416063 0.123836
-1 0.460068 0.416016 0.123916
-1 0.460101 0.41603 0.12387
-1 0.460056 0.41602 0.123923
-1 0.460089 0.416029 0.123882
-1 0.460079 0.416018 0.123904
-1 0.460106 0.416013 0.123882
-1 0.46012 0.416048 0.123831
-1 0.460062 0.416011 0.123927
-1 0.460115 0.416027 0.123858
-1 0.460133 0.416028 0.123838
-1 0.460067 0.416016 0.123917
-1 0.46008 0.416008 0.123912
-1 0.460079 0.416087 0.123834
-1 0.460104 0.416052 0.123843
-1 0.460081 0.416016 0.123903
-1 0.459824 0.416533 0.123643
-1 0.460118 0.416034 0.123848
-1 0.460144 0.416061 0.123795
-1 0.46009 0.416011 0.123899
-1 0.460095 0.416012 0.123893
-1 0.4601 0.416037 0.123863
-1 0.460084 0.415998 0.123918
-1 0.460091 0.416009 0.1239
-1 0.460108 0.416012 0.12388
-1 0.460066 0.41602 0.123914
-1 0.460095 0.416008 0.123897
-1 0.46012 0.416061 0.12382
-1 0.460128 0.416279 0.123593
-1 0.460076 0.416008 0.123916
-1 0.452544 0.423584 0.123873
-1 0.459019 0.417356 0.123625
-1 0.460146 0.416046 0.123808
-1 0.460145 0.416114 0.123741
-1 0.460101 0.416014 0.123885
-1 0.460098 0.416118 0.123785
-1 0.460071 0.416016 0.123913
-1 0.460117 0.416043 0.12384
-1 0.460094 0.416027 0.123879
-1 0.460114 0.416042 0.123843
-1 0.460099 0.416011 0.12389
-1 0.460085 0.416014 0.123901
-1 0.460129 0.416021 0.12385
-1 0.459943 0.416331 0.123726
-1 0.46018 0.416094 0.123725
-1 0.46014 0.416062 0.123798
-1 0.459604 0.416675 0.12372
-1 0.460099 0.41601 0.123891
-1 0.460015 0.416356 0.123629
-1 0.460093 0.416092 0.123814
-1 0.460063 0.416003 0.123934
-1 0.46012 0.416029 0.123851
-1 0.460098 0.416018 0.123884
-1 0.460126 0.416051 0.123823
-1 0.460133 0.416057 0.12381
-1 0.460105 0.416095 0.1238
-1 0.458563 0.417896 0.123541
-1 0.458892 0.417438 0.123669
-1 0.460077 0.416008 0.123915
-1 0.4601 0.416059 0.123842
-1 0.460092 0.416026 0.123882
-1 0.46008 0.416125 0.123795
-1 0.458937 0.417378 0.123685
-1 0.460086 0.416143 0.12377
-1 0.460169 0.416123 0.123708
-1 0.460082 0.416154 0.123764
-1 0.460017 0.416197 0.123786
-1 0.456264 0.419963 0.123773
-1 0.460028 0.41621 0.123762
-1 0.46014 0.416041 0.123819
-1 0.460106 0.416013 0.123881
-1 0.460154 0.416057 0.123789
-1 0.46024 0.416208 0.123552
-1 0.46007 0.416022 0.123908
-1 0.460077 0.416036 0.123887
-1 0.460091 0.416021 0.123889
-1 0.460072 0.416019 0.123909
-1 0.46006 0.416015 0.123925
-1 0.460111 0.416027 0.123862
-1 0.460083 0.416006 0.123911
-1 0.460071 0.416023 0.123907
-1 0.460071 0.416008 0.123921
-1 0.460078 0.416008 0.123914
-1 0.46012 0.416025 0.123855
-1 0.460112 0.416019 0.123869
-1 0.460054 0.416232 0.123715
-1 0.460113 0.416299 0.123588
-1 0.456015 0.420232 0.123754
-1 0.460139 0.41602 0.123841
-1 0.460145 0.416032 0.123823
-1 0.460114 0.416192 0.123694
-1 0.460122 0.416045 0.123833
-1 0.460106 0.416036 0.123858
-1 0.460101 0.41601 0.123889
-1 0.460161 0.41616 0.123678
-1 0.460101 0.416012 0.123887
-1 0.460132 0.416091 0.123778
-1 0.459989 0.416452 0.123559
-1 0.46012 0.416051 0.123829
-1 0.460019 0.416214 0.123767
-1 0.460117 0.416152 0.123731
-1 0.459701 0.416601 0.123698
-1 0.460106 0.416007 0.123887
-1 0.460091 0.416009 0.1239
-1 0.459994 0.416269 0.123737
-1 0.460087 0.416015 0.123898
-1 0.460069 0.416219 0.123712
-1 0.460123 0.416057 0.12382
-1 0.460095 0.416013 0.123893
-1 0.460096 0.41601 0.123894
-1 0.460112 0.416087 0.123801
-1 0.460131 0.416024 0.123845
-1 0.460097 0.416005 0.123898
-1 0.460088 0.416122 0.12379
-1 0.460134 0.416055 0.123811
-1 0.460116 0.416036 0.123848
-1 0.460122 0.416087 0.12379
-1 0.460121 0.416008 0.123871
-1 0.460116 0.41602 0.123864
-1 0.460072 0.416128 0.123801
-1 0.460139 0.41609 0.123772
-1 0.460143 0.416088 0.123769
-1 0.460066 0.416008 0.123926
-1 0.46008 0.416014 0.123906
-1 0.460124 0.416069 0.123807
-1 0.46009 0.416025 0.123884
-1 0.460065 0.416044 0.123891
-1 0.460102 0.416087 0.123811
-1 0.460093 0.41601 0.123898
-1 0.46013 0.416025 0.123845
-1 0.460095 0.416056 0.123849
-1 0.46009 0.416033 0.123877
-1 0.460066 0.416229 0.123706
-1 0.460151 0.416063 0.123786
-1 0.460077 0.416193 0.123731
-1 0.460014 0.416725 0.12326
-1 0.460146 0.416052 0.123802
-1 0.460064 0.416011 0.123925
-1 0.46028 0.415999 0.123721
-1 0.460075 0.41601 0.123915
-1 0.460099 0.416019 0.123882
-1 0.460093 0.416011 0.123896
-1 0.460126 0.416015 0.12386
-1 0.460258 0.416066 0.123676
-1 0.460124 0.416079 0.123797
-1 0.460091 0.416025 0.123885
-1 0.460093 0.416022 0.123884
-1 0.460074 0.416023 0.123903
-1 0.460138 0.41629 0.123572
-1 0.460076 0.416007 0.123918
-1 0.460055 0.416023 0.123922
-1 0.460129 0.416031 0.12384
-1 0.460059 0.416012 0.123929
-1 0.460176 0.416022 0.123802
-1 0.460087 0.416019 0.123893
-1 0.460135 0.416029 0.123836
-1 0.460087 0.416005 0.123908
-1 0.460079 0.416008 0.123913
-1 0.460142 0.416035 0.123823
-1 0.460072 0.416012 0.123916
-1 0.458935 0.417478 0.123587
-1 0.451189 0.424918 0.123893
-1 0.460147 0.416091 0.123762
-1 0.460118 0.416005 0.123877
-1 0.460116 0.416078 0.123806
-1 0.460101 0.416015 0.123884
-1 0.460191 0.416479 0.123329
-1 0.460148 0.416055 0.123797
-1 0.459985 0.416561 0.123454
-1 0.460113 0.416133 0.123754
-1 0.460101 0.416041 0.123857
-1 0.46015 0.416129 0.123721
-1 0.460082 0.416021 0.123897
-1 0.459948 0.416316 0.123736
-1 0.460035 0.416194 0.123771
-1 0.460146 0.416083 0.123771
-1 0.460122 0.416073 0.123805
-1 0.460121 0.41606 0.12382
-1 0.452283 0.423886 0.123832
-1 0.460102 0.416025 0.123874
-1 0.457915 0.418403 0.123682
-1 0.457619 0.418647 0.123734
-1 0.454576 0.421614 0.12381
-1 0.45999 0.416234 0.123775
-1 0.458315 0.418012 0.123673
-1 0.460127 0.416248 0.123625
-1 0.460088 0.416027 0.123886
-1 0.460046 0.416639 0.123315
-1 0.460102 0.416037 0.123861
-1 0.458758 0.417687 0.123555
-1 0.460117 0.416472 0.123411
-1 0.460159 0.41611 0.12373
-1 0.459784 0.415993 0.124223
-1 0.460126 0.416082 0.123792
-1 0.460145 0.41608 0.123774
-1 0.45844 0.417793 0.123767
-1 0.460051 0.41601 0.123938
-1 0.460125 0.41611 0.123765
-1 0.460102 0.416399 0.123499
-1 0.460113 0.41617 0.123717
-1 0.460067 0.416173 0.123761
-1 0.46016 0.416539 0.123301
-1 0.460144 0.416063 0.123793
-1 0.455448 0.420341 0.12421
-1 0.460203 0.416115 0.123681
-1 0.460119 0.41604 0.123841
-1 0.460176 0.416135 0.123688
-1 0.460075 0.416012 0.123913
-1 0.460124 0.416069 0.123807
-1 0.460053 0.416015 0.123932
-1 0.460289 0.416301 0.123411
-1 0.460183 0.416262 0.123555
-1 0.460182 0.416143 0.123675
-1 0.46014 0.416356 0.123505
-1 0.460132 0.416089 0.123779
-1 0.460182 0.416203 0.123615
-1 0.46023 0.416307 0.123463
-1 0.459578 0.416933 0.123489
-1 0.460088 0.416326 0.123586
-1 0.460264 0.41627 0.123466
-1 0.455596 0.4207 0.123704
-1 0.460093 0.416031 0.123875
-1 0.459927 0.416398 0.123676
-1 0.460152 0.416058 0.123791
-1 0.460087 0.416024 0.123889
-1 0.460056 0.416012 0.123932
-1 0.460083 0.416014 0.123902
-1 0.460103 0.416045 0.123852
-1 0.460219 0.416117 0.123664
-1 0.460085 0.41615 0.123765
-1 0.4581 0.416004 0.125895
-1 0.460087 0.416131 0.123782
-1 0.460115 0.416022 0.123863
-1 0.460121 0.416006 0.123873
-1 0.460125 0.41612 0.123755
-1 0.460003 0.416637 0.123359
-1 0.459318 0.417135 0.123547
-1 0.46007 0.416013 0.123917
-1 0.460037 0.416456 0.123508
-1 0.459931 0.416456 0.123613
-1 0.459976 0.416329 0.123695
-1 0.460113 0.416026 0.12386
-1 0.460086 0.416036 0.123878
-1 0.460108 0.41604 0.123852
-1 0.460131 0.416104 0.123765
-1 0.460113 0.416185 0.123703
-1 0.456388 0.419878 0.123734
-1 0.460131 0.416088 0.123781
-1 0.460084 0.416011 0.123905
-1 0.460103 0.416055 0.123843
-1 0.460127 0.416049 0.123824
-1 0.460142 0.416097 0.123761
-1 0.460175 0.416072 0.123753
-1 0.460198 0.416165 0.123637
-1 0.460107 0.416477 0.123415
-1 0.458599 0.417553 0.123847
-1 0.459401 0.417288 0.123312
-1 0.460087 0.416015 0.123898
-1 0.460104 0.416012 0.123884
-1 0.460154 0.41612 0.123726
-1 0.460091 0.41602 0.123889
-1 0.460165 0.416112 0.123723
-1 0.460112 0.416067 0.123821
-1 0.460128 0.416047 0.123825
-1 0.460111 0.416017 0.123871
-1 0.460156 0.416004 0.12384
-1 0.460092 0.416033 0.123875
-1 0.460073 0.416013 0.123914
-1 0.460037 0.416256 0.123708
-1 0.460091 0.416025 0.123884
-1 0.460134 0.416022 0.123844
-1 0.460111 0.416035 0.123853
-1 0.460115 0.416069 0.123817
-1 0.460069 0.416006 0.123924
-1 0.460169 0.4161 0.123731
-1 0.460109 0.416098 0.123793
-1 0.460085 0.416007 0.123908
-1 0.459381 0.41723 0.123389
-1 0.460072 0.41601 0.123918
-1 0.46014 0.416098 0.123762
-1 0.460083 0.416027 0.12389
-1 0.460074 0.416007 0.123919
-1 0.460099 0.416014 0.123887
-1 0.460147 0.416561 0.123292
-1 0.460197 0.416234 0.123569
-1 0.460133 0.416086 0.123781
-1 0.459873 0.416433 0.123694
-1 0.460087 0.416013 0.1239
-1 0.456805 0.419626 0.123568
-1 0.460122 0.416201 0.123677
-1 0.460008 0.416311 0.123681
-1 0.460097 0.41602 0.123883
-1 0.460134 0.416143 0.123723
-1 0.46012 0.416049 0.123831
-1 0.460094 0.416032 0.123874
-1 0.460103 0.416027 0.12387
-1 0.460112 0.41602 0.123868
-1 0.460146 0.41615 0.123705
-1 0.46008 0.416014 0.123907
-1 0.46011 0.416067 0.123823
-1 0.460096 0.416035 0.123869
-1 0.460087 0.41601 0.123903
-1 0.460094 0.41601 0.123896
-1 0.460133 0.416082 0.123785
-1 0.456646 0.419725 0.12363
-1 0.460255 0.416198 0.123547
-1 0.460122 0.416038 0.12384
-1 0.4601 0.416009 0.123891
-1 0.460122 0.416028 0.12385
-1 0.460139 0.416062 0.1238
-1 0.460095 0.416024 0.123881
-1 0.46011 0.416011 0.123879
-1 0.460129 0.416118 0.123752
-1 0.46016 0.4163 0.12354
-1 0.460072 0.416028 0.1239
-1 0.460163 0.416127 0.12371
-1 0.460013 0.416414 0.123573
-1 0.460064 0.416014 0.123922
-1 0.460184 0.416117 0.123699
-1 0.460131 0.416021 0.123848
-1 0.460112 0.416007 0.123881
-1 0.459874 0.416431 0.123695
-1 0.460124 0.416035 0.123841
-1 0.45941 0.417246 0.123344
-1 0.46012 0.416038 0.123842
-1 0.46009 0.416032 0.123877
-1 0.460082 0.416027 0.123891
-1 0.460088 0.416016 0.123896
-1 0.460105 0.416015 0.123879
-1 0.460095 0.416025 0.12388
-1 0.460111 0.416037 0.123852
-1 0.460238 0.416215 0.123546
-1 0.460074 0.41601 0.123917
-1 0.460108 0.416035 0.123857
-1 0.460099 0.416022 0.123879
-1 0.460103 0.416017 0.12388
-1 0.460068 0.416012 0.123921
-1 0.460093 0.416019 0.123888
-1 0.460106 0.416032 0.123861
-1 0.460129 0.416033 0.123838
-1 0.460092 0.416044 0.123864
-1 0.460096 0.416031 0.123873
-1 0.460119 0.416026 0.123855
-1 0.460118 0.416204 0.123678
-1 0.460095 0.416034 0.123871
-1 0.460123 0.416085 0.123792
-1 0.460121 0.416014 0.123865
-1 0.460097 0.416088 0.123815
-1 0.460068 0.416192 0.12374
-1 0.460119 0.416055 0.123826
-1 0.460092 0.416024 0.123883
-1 0.460228 0.416213 0.12356
-1 0.460118 0.416029 0.123852
-1 0.460132 0.416042 0.123825
-1 0.460102 0.416022 0.123876
-1 0.460108 0.416085 0.123807
-1 0.460329 0.416176 0.123496
-1 0.460211 0.416207 0.123583
-1 0.460074 0.416011 0.123915
-1 0.46012 0.416025 0.123855
-1 0.460094 0.416011 0.123895
-1 0.460204 0.416116 0.12368
-1 0.460132 0.416084 0.123785
-1 0.460137 0.41604 0.123824
-1 0.460092 0.416022 0.123886
-1 0.460173 0.416177 0.12365
-1 0.460115 0.416179 0.123706
-1 0.460144 0.416067 0.123789
-1 0.460111 0.416028 0.123861
-1 0.4601 0.416009 0.123892
-1 0.460102 0.416011 0.123887
-1 0.460116 0.416033 0.123851
-1 0.460079 0.416014 0.123906
-1 0.460105 0.416013 0.123882
-1 0.45852 0.417813 0.123667
-1 0.455379 0.42085 0.123771
-1 0.459582 0.416727 0.123691
-1 0.459958 0.416314 0.123728
-1 0.460116 0.416051 0.123833
-1 0.460165 0.416189 0.123646
-1 0.460142 0.41605 0.123808
-1 0.460109 0.416112 0.123779
-1 0.460092 0.416015 0.123894
-1 0.46012 0.416096 0.123784
-1 0.460043 0.416528 0.123429
-1 0.46011 0.416017 0.123872
-1 0.460187 0.41622 0.123593
-1 0.460079 0.416049 0.123872
-1 0.460081 0.416018 0.1239
-1 0.460148 0.416077 0.123775
-1 0.460113 0.416085 0.123802
-1 0.460094 0.416012 0.123894
-1 0.460115 0.416036 0.12385
-1 0.460095 0.416011 0.123894
-1 0.460087 0.416013 0.1239
-1 0.460148 0.416055 0.123797
-1 0.460087 0.416034 0.123879
-1 0.460122 0.416134 0.123744
-1 0.460187 0.416322 0.123491
-1 0.460084 0.416649 0.123266
-1 0.459906 0.416829 0.123265
-1 0.460213 0.416448 0.123339
-1 0.460095 0.416619 0.123285
-1 0.460154 0.416178 0.123669
-1 0.460123 0.416561 0.123316
-1 0.460249 0.416442 0.123309
-1 0.460182 0.416459 0.123359
-1 0.460109 0.416055 0.123837
-1 0.460175 0.416379 0.123446
-1 0.459702 0.416896 0.123402
-1 0.460163 0.416517 0.123319
-1 0.46012 0.416103 0.123777
-1 0.460118 0.416028 0.123854
-1 0.46014 0.416032 0.123828
-1 0.460085 0.41601 0.123905
-1 0.460103 0.416045 0.123852
-1 0.4601 0.416018 0.123882
-1 0.456723 0.419584 0.123694
-1 0.460121 0.416072 0.123807
-1 0.460149 0.416275 0.123576
-1 0.460116 0.416016 0.123868
-1 0.459004 0.417304 0.123693
-1 0.460117 0.416066 0.123817
-1 0.460085 0.416008 0.123908
-1 0.460127 0.416062 0.123811
-1 0.460088 0.416137 0.123775
-1 0.460195 0.416431 0.123374
-1 0.460221 0.416165 0.123614
-1 0.435545 0.409803 0.154652
-1 0.4601 0.41611 0.12379
-1 0.460074 0.416027 0.1239
-1 0.460137 0.416111 0.123753
-1 0.460127 0.416041 0.123832
-1 0.460111 0.416032 0.123856
-1 0.460107 0.416062 0.123831
-1 0.460136 0.416088 0.123776
-1 0.460103 0.416033 0.123865
-1 0.460149 0.416045 0.123806
-1 0.460098 0.416022 0.12388
-1 0.460127 0.416117 0.123756
-1 0.460125 0.416246 0.123628
-1 0.460101 0.416026 0.123873
-1 0.460097 0.416047 0.123856
-1 0.460137 0.416032 0.123831
-1 0.460118 0.415995 0.123887
-1 0.460106 0.416019 0.123875
-1 0.460106 0.416026 0.123868
-1 0.460126 0.416066 0.123807
-1 0.460095 0.416032 0.123873
-1 0.460138 0.416131 0.123731
-1 0.460111 0.416023 0.123867
-1 0.459546 0.416921 0.123533
-1 0.460144 0.416064 0.123792
-1 0.460135 0.416133 0.123731
-1 0.460137 0.416095 0.123768
-1 0.460153 0.41603 0.123817
-1 0.460136 0.416014 0.123849
-1 0.460116 0.41604 0.123844
-1 0.460138 0.416103 0.12376
-1 0.460052 0.416015 0.123934
-1 0.459992 0.416347 0.123661
-1 0.459564 0.416977 0.123459
-1 0.460065 0.41601 0.123925
-1 0.460092 0.416016 0.123892
-1 0.460101 0.416046 0.123853
-1 0.460102 0.416052 0.123846
-1 0.460161 0.416114 0.123725
-1 0.460072 0.416019 0.123909
-1 0.46008 0.416015 0.123905
-1 0.460124 0.416007 0.123868
-1 0.460117 0.416035 0.123849
-1 0.460121 0.416044 0.123834
-1 0.460138 0.416019 0.123843
-1 0.460093 0.416024 0.123883
-1 0.460048 0.416242 0.12371
-1 0.460107 0.41613 0.123762
-1 0.460133 0.416036 0.123831
-1 0.460117 0.416027 0.123856
-1 0.460118 0.416016 0.123867
-1 0.459248 0.417078 0.123674
-1 0.46011 0.416029 0.123861
-1 0.4601 0.416023 0.123877
-1 0.460122 0.416017 0.123861
-1 0.459994 0.416335 0.123671
-1 0.460119 0.416037 0.123845
-1 0.460088 0.416015 0.123897
-1 0.460211 0.416288 0.123501
-1 0.460114 0.416054 0.123832
-1 0.460083 0.416014 0.123903
-1 0.460083 0.416022 0.123895
-1 0.460053 0.416144 0.123802
-1 0.460074 0.416009 0.123917
-1 0.460102 0.416014 0.123884
-1 0.460075 0.416014 0.123912
-1 0.460106 0.416016 0.123878
-1 0.460106 0.416007 0.123888
-1 0.460135 0.416068 0.123797
-1 0.460029 0.416182 0.123789
-1 0.459783 0.416581 0.123635
-1 0.46012 0.416115 0.123766
-1 0.460071 0.416025 0.123904
-1 0.460132 0.416098 0.12377
-1 0.459958 0.416331 0.123711
-1 0.460115 0.416086 0.123799
-1 0.460107 0.416012 0.12388
-1 0.4601 0.416012 0.123888
-1 0.460116 0.416032 0.123852
-1 0.459972 0.416302 0.123727
-1 0.459689 0.416674 0.123636
-1 0.459954 0.416326 0.12372
-1 0.460104 0.416469 0.123427
-1 0.459364 0.417363 0.123272
-1 0.460107 0.416015 0.123878
-1 0.460103 0.416113 0.123784
-1 0.460119 0.416033 0.123848
-1 0.46019 0.416464 0.123346
-1 0.460121 0.41605 0.123829
-1 0.460106 0.416035 0.12386
-1 0.46014 0.416092 0.123768
-1 0.460125 0.416034 0.123841
-1 0.460147 0.416018 0.123835
-1 0.459961 0.416317 0.123722
-1 0.460152 0.416005 0.123844
-1 0.460183 0.415933 0.123884
-1 0.460168 0.416279 0.123553
-1 0.460119 0.415995 0.123886
-1 0.460066 0.41601 0.123924
-1 0.460118 0.416024 0.123858
-1 0.460129 0.416083 0.123788
-1 0.46017 0.416344 0.123485
-1 0.460093 0.416012 0.123895
-1 0.460044 0.416182 0.123774
-1 0.460139 0.416095 0.123766
-1 0.460091 0.416017 0.123892
-1 0.460074 0.416007 0.123919
-1 0.460001 0.416414 0.123585
-1 0.460109 0.416043 0.123848
-1 0.460128 0.416036 0.123835
-1 0.459816 0.416489 0.123695
-1 0.460108 0.416018 0.123874
-1 0.460141 0.416013 0.123845
-1 0.460088 0.416128 0.123784
-1 0.460172 0.415982 0.123845
-1 0.458613 0.417731 0.123657
-1 0.46011 0.416015 0.123875
-1 0.460294 0.416353 0.123353
-1 0.460004 0.416248 0.123748
-1 0.460187 0.416112 0.1237
-1 0.460107 0.416054 0.123839
-1 0.460102 0.416016 0.123882
-1 0.460093 0.416062 0.123845
-1 0.460148 0.416211 0.123641
-1 0.460085 0.416017 0.123898
-1 0.460098 0.416036 0.123866
-1 0.460107 0.416105 0.123788
-1 0.460294 0.41619 0.123516
-1 0.460112 0.416097 0.12379
-1 0.460117 0.416061 0.123822
-1 0.460125 0.416062 0.123814
-1 0.459917 0.416387 0.123697
-1 0.460145 0.416036 0.123819
-1 0.46012 0.416065 0.123815
-1 0.460207 0.416095 0.123698
-1 0.460118 0.41608 0.123802
-1 0.460111 0.416079 0.12381
-1 0.459761 0.416541 0.123698
-1 0.460096 0.416013 0.12389
-1 0.460109 0.416028 0.123863
-1 0.459425 0.416876 0.123699
-1 0.460114 0.416034 0.123851
-1 0.46017 0.416105 0.123725
-1 0.459712 0.416578 0.12371
-1 0.460057 0.416154 0.123789
-1 0.458987 0.41731 0.123703
-1 0.459689 0.416603 0.123709
-1 0.460065 0.416151 0.123784
-1 0.459986 0.416264 0.12375
-1 0.460095 0.416014 0.123891
-1 0.460145 0.416041 0.123813
-1 0.460065 0.416152 0.123783
-1 0.460108 0.41608 0.123812
-1 0.459794 0.416531 0.123676
-1 0.460128 0.416032 0.123839
-1 0.459646 0.416635 0.123719
-1 0.459951 0.416466 0.123583
-1 0.460132 0.416039 0.12383
-1 0.45999 0.416268 0.123742
-1 0.460155 0.416214 0.123631
-1 0.460071 0.416175 0.123754
-1 0.460159 0.416112 0.123729
-1 0.460118 0.416066 0.123816
-1 0.460099 0.416013 0.123888
-1 0.460134 0.416078 0.123788
-1 0.45995 0.416379 0.123671
-1 0.459821 0.416788 0.123391
-1 0.46013 0.416014 0.123855
-1 0.460122 0.416068 0.12381
-1 0.459945 0.416521 0.123534
-1 0.460108 0.416306 0.123586
-1 0.460144 0.416082 0.123774
-1 0.460061 0.41619 0.123749
-1 0.460105 0.416026 0.123869
-1 0.46007 0.416145 0.123785
-1 0.460081 0.41616 0.123759
-1 0.460154 0.416042 0.123804
-1 0.460107 0.416145 0.123748
-1 0.460064 0.416163 0.123773
-1 0.459987 0.416259 0.123754
-1 0.460094 0.416066 0.123841
-1 0.460125 0.416039 0.123837
-1 0.460121 0.416046 0.123833
-1 0.460141 0.416079 0.123781
-1 0.46005 0.416012 0.123938
-1 0.459661 0.416656 0.123683
-1 0.456601 0.419669 0.12373
-1 0.460215 0.415941 0.123844
-1 0.459293 0.417027 0.12368
-1 0.460122 0.416042 0.123836
-1 0.460054 0.416275 0.123671
-1 0.45996 0.416334 0.123706
-1 0.459968 0.416463 0.123569
-1 0.460119 0.416051 0.123829
-1 0.460075 0.416014 0.12391
-1 0.46008 0.41601 0.12391
-1 0.46008 0.416018 0.123901
-1 0.46009 0.416018 0.123893
-1 0.460126 0.416076 0.123798
-1 0.460096 0.41601 0.123893
-1 0.460083 0.416028 0.123889
-1 0.460106 0.416017 0.123878
-1 0.460119 0.416115 0.123766
-1 0.460119 0.416021 0.12386
-1 0.460094 0.416012 0.123894
-1 0.460086 0.416027 0.123887
-1 0.460108 0.416064 0.123828
-1 0.460131 0.416192 0.123677
-1 0.460171 0.416322 0.123507
-1 0.460101 0.416041 0.123859
-1 0.460112 0.416059 0.123829
-1 0.460228 0.416124 0.123647
-1 0.460123 0.41603 0.123847
-1 0.460138 0.416104 0.123759
-1 0.459842 0.416816 0.123341
-1 0.460094 0.416012 0.123894
-1 0.460098 0.41603 0.123873
-1 0.460105 0.416091 0.123804
-1 0.460094 0.416058 0.123848
-1 0.460077 0.416008 0.123914
-1 0.460116 0.416026 0.123858
-1 0.46015 0.41605 0.1238
-1 0.460077 0.41606 0.123864
-1 0.460082 0.416029 0.12389
-1 0.460101 0.41603 0.12387
-1 0.460089 0.416007 0.123903
-1 0.460144 0.416038 0.123817
-1 0.460105 0.416011 0.123884
-1 0.460098 0.416005 0.123898
-1 0.460137 0.41601 0.123853
-1 0.460026 0.416217 0.123758
-1 0.460082 0.416014 0.123903
-1 0.460081 0.416001 0.123918
-1 0.460151 0.416276 0.123573
-1 0.460094 0.416052 0.123854
-1 0.46012 0.416026 0.123854
-1 0.460116 0.416054 0.12383
-1 0.460119 0.416049 0.123832
-1 0.460223 0.416129 0.123647
-1 0.460121 0.41609 0.123789
-1 0.460134 0.416036 0.12383
-1 0.460124 0.416033 0.123843
-1 0.460131 0.416025 0.123843
-1 0.460091 0.416131 0.123778
-1 0.460121 0.416043 0.123836
-1 0.459659 0.416645 0.123696
-1 0.460226 0.416179 0.123595
-1 0.460113 0.416064 0.123822
-1 0.460109 0.416161 0.123729
-1 0.460096 0.416013 0.123891
-1 0.460128 0.416034 0.123838
-1 0.46007 0.416166 0.123764
-1 0.460082 0.416013 0.123904
-1 0.459065 0.417249 0.123686
-1 0.46018 0.416208 0.123613
-1 0.459971 0.416401 0.123628
-1 0.460103 0.416025 0.123871
-1 0.460083 0.416028 0.123888
-1 0.460124 0.416042 0.123834
-1 0.459952 0.416518 0.12353
-1 0.459291 0.417023 0.123686
-1 0.459955 0.416314 0.123731
-1 0.460127 0.416047 0.123826
-1 0.460062 0.416174 0.123764
-1 0.460153 0.416081 0.123767
-1 0.459598 0.416844 0.123558
-1 0.460055 0.416015 0.12393
-1 0.460083 0.416023 0.123893
-1 0.446478 0.429725 0.123797
-1 0.460122 0.416335 0.123543
-1 0.445371 0.430692 0.123938
-1 0.448386 0.427714 0.1239
-1 0.460028 0.416202 0.12377
-1 0.46008 0.416007 0.123913
-1 0.460109 0.416098 0.123793
-1 0.460105 0.416122 0.123773
-1 0.46013 0.416107 0.123763
-1 0.459621 0.416729 0.12365
-1 0.447477 0.42868 0.123842
-1 0.45995 0.416461 0.123589
-1 0.460084 0.416052 0.123864
-1 0.45911 0.417211 0.123679
-1 0.459799 0.41673 0.123471
-1 0.460097 0.416148 0.123755
-1 0.459905 0.416354 0.12374
-1 0.459791 0.416507 0.123702
-1 0.460075 0.416017 0.123907
-1 0.460106 0.416045 0.123849
-1 0.459844 0.416499 0.123657
-1 0.460114 0.416031 0.123855
-1 0.460098 0.416008 0.123895
-1 0.460108 0.41607 0.123822
-1 0.460141 0.416018 0.123841
-1 0.459374 0.416929 0.123697
-1 0.460109 0.416026 0.123864
-1 0.460037 0.416221 0.123741
-1 0.460062 0.416028 0.12391
-1 0.460127 0.416028 0.123845
-1 0.460244 0.416129 0.123626
-1 0.460087 0.416107 0.123806
-1 0.460157 0.416331 0.123512
-1 0.458029 0.418255 0.123716
-1 0.460119 0.416022 0.123858
-1 0.460119 0.416046 0.123835
-1 0.460114 0.416027 0.123859
-1 0.46008 0.416007 0.123913
-1 0.46008 0.416139 0.123781
-1 0.460117 0.416071 0.123811
-1 0.460118 0.416032 0.123851
-1 0.460109 0.416055 0.123836
-1 0.460125 0.416006 0.123868
-1 0.460113 0.416025 0.123861
-1 0.46015 0.416038 0.123812
-1 0.459545 0.416756 0.123699
-1 0.460119 0.416022 0.12386
-1 0.460154 0.416098 0.123748
-1 0.460113 0.416036 0.123851
-1 0.458657 0.417666 0.123678
-1 0.459974 0.41628 0.123746
-1 0.460133 0.416109 0.123758
-1 0.460108 0.416017 0.123875
-1 0.45766 0.418634 0.123706
-1 0.460102 0.416012 0.123886
-1 0.452054 0.424026 0.12392
-1 0.460098 0.416076 0.123825
-1 0.460046 0.416202 0.123752
-1 0.460123 0.416033 0.123844
-1 0.460101 0.416007 0.123892
-1 0.460068 0.416171 0.123761
-1 0.460052 0.416027 0.123921
-1 0.460108 0.416032 0.123861
-1 0.460056 0.416012 0.123932
-1 0.46008 0.416032 0.123888
-1 0.460048 0.416013 0.123939
-1 0.46006 0.416008 0.123932
-1 0.460119 0.416134 0.123746
-1 0.460078 0.416011 0.123911
-1 0.460142 0.416206 0.123652
-1 0.460113 0.416029 0.123859
-1 0.460159 0.415982 0.123859
-1 0.460108 0.416042 0.12385
-1 0.460115 0.416027 0.123858
-1 0.45949 0.416894 0.123616
-1 0.460073 0.416009 0.123918
-1 0.459217 0.417106 0.123677
-1 0.45984 0.416447 0.123713
-1 0.460086 0.416012 0.123901
-1 0.457585 0.418715 0.123699
-1 0.460132 0.416086 0.123782
-1 0.460119 0.416071 0.12381
-1 0.460114 0.416074 0.123812
-1 0.46013 0.416033 0.123838
-1 0.460062 0.416009 0.12393
-1 0.460074 0.416152 0.123773
-1 0.460145 0.416137 0.123718
-1 0.460122 0.416014 0.123864
-1 0.460082 0.416018 0.1239
-1 0.46012 0.41606 0.12382
-1 0.459724 0.416665 0.123612
-1 0.460132 0.416179 0.123689
-1 0.460247 0.416101 0.123652
-1 0.460003 0.416261 0.123736
-1 0.459931 0.416343 0.123726
-1 0.460115 0.416102 0.123783
-1 0.460115 0.416017 0.123868
-1 0.460191 0.4162 0.123609
-1 0.460089 0.416016 0.123895
-1 0.460085 0.416028 0.123887
-1 0.460087 0.416007 0.123906
-1 0.460121 0.416464 0.123415
-1 0.460264 0.416254 0.123482
-1 0.460194 0.416147 0.123659
-1 0.460085 0.416012 0.123903
-1 0.460204 0.41609 0.123705
-1 0.460084 0.416011 0.123905
-1 0.460082 0.416014 0.123905
-1 0.460097 0.416014 0.123889
-1 0.460118 0.416026 0.123856
-1 0.460114 0.416019 0.123867
-1 0.460142 0.41637 0.123489
-1 0.4601 0.416014 0.123886
-1 0.460275 0.416306 0.123419
-1 0.460023 0.416612 0.123366
-1 0.460095 0.416029 0.123876
-1 0.460111 0.41616 0.123729
-1 0.460104 0.416009 0.123887
-1 0.460091 0.416009 0.1239
-1 0.460089 0.416121 0.12379
-1 0.459891 0.416459 0.123651
-1 0.460132 0.416032 0.123836
-1 0.46013 0.416032 0.123838
-1 0.459874 0.416412 0.123714
-1 0.46012 0.41606 0.123819
-1 0.460126 0.416046 0.123828
-1 0.460102 0.416051 0.123847
-1 0.460107 0.416018 0.123876
-1 0.459203 0.417101 0.123696
-1 0.459157 0.417205 0.123638
-1 0.45995 0.41662 0.12343
-1 0.460107 0.416444 0.123449
-1 0.460346 0.416227 0.123427
-1 0.460243 0.416341 0.123416
-1 0.460116 0.416071 0.123813
-1 0.460191 0.416084 0.123725
-1 0.460208 0.416057 0.123735
-1 0.460201 0.416254 0.123545
-1 0.460338 0.416287 0.123375
-1 0.460262 0.416119 0.123619
-1 0.460241 0.415954 0.123805
-1 0.460122 0.416023 0.123855
-1 0.460088 0.416012 0.1239
-1 0.460038 0.416434 0.123527
-1 0.460112 0.416035 0.123853
-1 0.460136 0.416065 0.123799
-1 0.460097 0.416006 0.123897
-1 0.46011 0.416016 0.123874
-1 0.459838 0.416815 0.123346
-1 0.460157 0.416055 0.123788
-1 0.459492 0.416826 0.123682
-1 0.460105 0.416083 0.123811
-1 0.46009 0.416193 0.123718
-1 0.460265 0.416199 0.123536
-1 0.460115 0.416033 0.123853
-1 0.460111 0.416026 0.123863
-1 0.460071 0.416004 0.123925
-1 0.460073 0.416013 0.123914
-1 0.460123 0.416025 0.123852
-1 0.460133 0.416046 0.123822
-1 0.460075 0.416011 0.123914
-1 0.460098 0.416029 0.123873
-1 0.460127 0.416108 0.123765
-1 0.460058 0.416013 0.12393
-1 0.460115 0.416073 0.123812
-1 0.460097 0.416021 0.123882
-1 0.460094 0.416048 0.123858
-1 0.460124 0.416034 0.123841
-1 0.460071 0.416015 0.123914
-1 0.4601 0.41603 0.12387
-1 0.460066 0.41601 0.123923
-1 0.460094 0.416035 0.123871
-1 0.460078 0.416023 0.123899
-1 0.460094 0.416023 0.123883
-1 0.460106 0.416068 0.123826
-1 0.460062 0.416012 0.123926
-1 0.460113 0.41603 0.123857
-1 0.460136 0.41604 0.123824
-1 0.460073 0.416011 0.123916
-1 0.460072 0.41602 0.123908
-1 0.46013 0.416053 0.123817
-1 0.460109 0.416037 0.123854
-1 0.460076 0.41602 0.123905
-1 0.460254 0.416068 0.123678
-1 0.460099 0.416057 0.123844
-1 0.460139 0.416097 0.123764
-1 0.46009 0.416011 0.123899
-1 0.460093 0.416014 0.123893
-1 0.460087 0.416055 0.123858
-1 0.460079 0.416008 0.123913
-1 0.46008 0.41602 0.1239
-1 0.460109 0.416011 0.12388
-1 0.46007 0.416014 0.123915
-1 0.460088 0.416018 0.123893
-1 0.460108 0.416073 0.123819
-1 0.460028 0.416301 0.123671
-1 0.460074 0.416009 0.123916
-1 0.452683 0.423485 0.123832
-1 0.459 0.417352 0.123647
-1 0.460142 0.416048 0.12381
-1 0.460131 0.416129 0.123739
-1 0.460095 0.416018 0.123887
-1 0.460096 0.41612 0.123784
-1 0.460067 0.416019 0.123914
-1 0.460119 0.416046 0.123835
-1 0.460096 0.416027 0.123877
-1 0.460112 0.416078 0.123811
-1 0.460083 0.416028 0.123888
-1 0.460082 0.416018 0.123899
-1 0.460125 0.416032 0.123844
-1 0.459948 0.41633 0.123722
-1 0.46014 0.41617 0.123691
-1 0.460151 0.416092 0.123757
-1 0.459551 0.416735 0.123715
-1 0.460091 0.416023 0.123886
-1 0.459891 0.416524 0.123585
-1 0.460044 0.416169 0.123787
-1 0.460057 0.416012 0.123931
-1 0.460115 0.416033 0.123851
-1 0.4601 0.416016 0.123884
-1 0.46013 0.416051 0.123819
-1 0.460096 0.416108 0.123796
-1 0.460101 0.416099 0.1238
-1 0.458408 0.418038 0.123554
-1 0.45889 0.417432 0.123679
-1 0.460073 0.416021 0.123905
-1 0.460097 0.416061 0.123842
-1 0.460091 0.416025 0.123884
-1 0.460037 0.416177 0.123785
-1 0.458898 0.417425 0.123677
-1 0.460068 0.416165 0.123767
-1 0.460182 0.416171 0.123647
-1 0.460097 0.416148 0.123755
-1 0.460006 0.416219 0.123775
-1 0.456164 0.420059 0.123777
-1 0.460001 0.416252 0.123747
-1 0.460119 0.416067 0.123814
-1 0.460097 0.416016 0.123887
-1 0.460159 0.41606 0.123782
-1 0.460074 0.41626 0.123667
-1 0.460078 0.416019 0.123904
-1 0.460077 0.416035 0.123888
-1 0.460094 0.416022 0.123884
-1 0.460079 0.416014 0.123907
-1 0.460061 0.416016 0.123923
-1 0.460109 0.41603 0.123861
-1 0.460083 0.416007 0.12391
-1 0.460066 0.416031 0.123903
-1 0.460069 0.416009 0.123921
-1 0.460073 0.416014 0.123914
-1 0.460117 0.416034 0.12385
-1 0.460113 0.416023 0.123864
-1 0.460039 0.416245 0.123717
-1 0.459875 0.416555 0.12357
-1 0.456054 0.420194 0.123752
-1 0.460125 0.416029 0.123846
-1 0.460153 0.416059 0.123788
-1 0.4602 0.416101 0.123699
-1 0.460132 0.416048 0.12382
-1 0.460108 0.416032 0.12386
-1 0.460099 0.416015 0.123886
-1 0.460047 0.416214 0.123739
-1 0.460092 0.41601 0.123897
-1 0.460128 0.416092 0.12378
-1 0.460241 0.416146 0.123613
-1 0.460117 0.416058 0.123825
-1 0.460206 0.416015 0.123779
-1 0.460131 0.416137 0.123733
-1 0.459715 0.41661 0.123676
-1 0.460105 0.416008 0.123887
-1 0.460092 0.416008 0.123899
-1 0.459981 0.416283 0.123737
-1 0.46009 0.416014 0.123896
-1 0.460041 0.41622 0.123738
-1 0.460118 0.416061 0.123821
-1 0.460094 0.416015 0.123891
-1 0.460098 0.416011 0.123891
-1 0.460099 0.416109 0.123793
-1 0.460129 0.416024 0.123847
-1 0.460089 0.416012 0.123899
-1 0.460058 0.416167 0.123775
-1 0.460115 0.416071 0.123814
-1 0.460105 0.416053 0.123842
-1 0.460104 0.416108 0.123788
-1 0.460105 0.416027 0.123868
-1 0.460107 0.416041 0.123851
-1 0.460032 0.416182 0.123786
-1 0.460123 0.416116 0.123761
-1 0.460151 0.416084 0.123765
-1 0.460066 0.416007 0.123927
-1 0.460079 0.416022 0.123898
-1 0.46013 0.416062 0.123808
-1 0.460093 0.416022 0.123886
-1 0.460086 0.416105 0.12381
-1 0.460096 0.416011 0.123893
-1 0.460128 0.416031 0.123841
-1 0.460108 0.416043 0.123849
-1 0.460087 0.416024 0.123889
-1 0.460223 0.416119 0.123658
-1 0.460108 0.416059 0.123832
-1 0.460158 0.416132 0.12371
-1 0.460181 0.416516 0.123304
-1 0.460135 0.416051 0.123815
-1 0.460065 0.41601 0.123925
-1 0.460085 0.416009 0.123906
-1 0.46007 0.416013 0.123917
-1 0.460094 0.41602 0.123886
-1 0.460085 0.416016 0.123899
-1 0.460114 0.416023 0.123864
-1 0.460117 0.416076 0.123807
-1 0.460116 0.416085 0.123798
-1 0.460083 0.416023 0.123894
-1 0.460093 0.416024 0.123883
-1 0.460068 0.416016 0.123915
-1 0.46022 0.416174 0.123606
-1 0.460072 0.416008 0.12392
-1 0.460054 0.416017 0.12393
-1 0.460112 0.416037 0.123851
-1 0.460057 0.416017 0.123926
-1 0.460137 0.416037 0.123826
-1 0.460086 0.416013 0.123901
-1 0.460105 0.416033 0.123862
-1 0.460083 0.416008 0.123909
-1 0.460079 0.416008 0.123913
-1 0.460127 0.416032 0.123841
-1 0.460072 0.416013 0.123916
-1 0.45885 0.417601 0.123549
-1 0.451228 0.424914 0.123858
-1 0.460181 0.416069 0.12375
-1 0.460112 0.416012 0.123877
-1 0.460141 0.416084 0.123774
-1 0.460094 0.416023 0.123883
-1 0.460103 0.416577 0.123319
-1 0.460127 0.416066 0.123807
-1 0.46005 0.416507 0.123443
-1 0.460099 0.416156 0.123745
-1 0.460099 0.416036 0.123865
-1 0.460134 0.41617 0.123696
-1 0.46008 0.416018 0.123902
-1 0.459936 0.416335 0.123729
-1 0.46003 0.416211 0.12376
-1 0.460118 0.416109 0.123773
-1 0.460137 0.416082 0.123781
-1 0.460111 0.41606 0.123829
-1 0.45228 0.423856 0.123864
-1 0.460108 0.416024 0.123868
-1 0.457868 0.418455 0.123678
-1 0.4575 0.41877 0.12373
-1 0.454388 0.421777 0.123834
-1 0.459917 0.416319 0.123764
-1 0.458209 0.418085 0.123706
-1 0.460087 0.416299 0.123614
-1 0.460084 0.416027 0.123889
-1 0.460172 0.41642 0.123408
-1 0.46009 0.416063 0.123847
-1 0.45879 0.417706 0.123503
-1 0.460138 0.416456 0.123406
-1 0.460177 0.416133 0.12369
-1 0.460293 0.416103 0.123604
-1 0.460131 0.416088 0.123781
-1 0.460159 0.416073 0.123768
-1 0.458837 0.417532 0.123631
-1 0.460049 0.416012 0.123939
-1 0.460113 0.416125 0.123762
-1 0.460106 0.416378 0.123516
-1 0.460132 0.416173 0.123695
-1 0.460044 0.4162 0.123756
-1 0.460117 0.41663 0.123253
-1 0.460165 0.416081 0.123754
-1 0.455511 0.420035 0.124454
-1 0.460109 0.416161 0.12373
-1 0.460102 0.416047 0.123851
-1 0.460166 0.416134 0.123699
-1 0.460076 0.416012 0.123912
-1 0.460129 0.416065 0.123806
-1 0.460054 0.416024 0.123922
-1 0.460132 0.416376 0.123492
-1 0.460174 0.416306 0.12352
-1 0.460185 0.416162 0.123653
-1 0.460285 0.416268 0.123446
-1 0.460139 0.416112 0.123748
-1 0.46022 0.416159 0.123621
-1 0.460155 0.416359 0.123487
-1 0.459949 0.416661 0.12339
-1 0.460042 0.416381 0.123577
-1 0.460192 0.416359 0.12345
-1 0.455524 0.420796 0.12368
-1 0.460089 0.416036 0.123875
-1 0.459896 0.416428 0.123676
-1 0.460159 0.416096 0.123745
-1 0.460082 0.416029 0.123889
-1 0.460059 0.41601 0.123931
-1 0.460077 0.416017 0.123906
-1 0.460108 0.41604 0.123852
-1 0.460187 0.416151 0.123662
-1 0.460205 0.416068 0.123727
-1 0.45483 0.415842 0.129328
-1 0.460092 0.416129 0.123779
-1 0.460101 0.416026 0.123873
-1 0.4601 0.41603 0.12387
-1 0.460131 0.41613 0.123739
-1 0.459828 0.416761 0.123412
-1 0.459465 0.417025 0.12351
-1 0.460072 0.416014 0.123914
-1 0.4601 0.416428 0.123472
-1 0.45996 0.416443 0.123596
-1 0.459948 0.416363 0.123689
-1 0.460114 0.416033 0.123853
-1 0.460102 0.416032 0.123866
-1 0.460108 0.41606 0.123832
-1 0.460128 0.416105 0.123766
-1 0.460126 0.416173 0.123701
-1 0.456327 0.419912 0.123761
-1 0.460102 0.416131 0.123767
-1 0.460082 0.416014 0.123904
-1 0.460125 0.41605 0.123826
-1 0.460116 0.416062 0.123822
-1 0.460125 0.416135 0.12374
-1 0.460185 0.416121 0.123694
-1 0.460228 0.416163 0.12361
-1 0.460298 0.416301 0.123401
-1 0.459637 0.416192 0.124171
-1 0.459507 0.4172 0.123293
-1 0.460085 0.416021 0.123894
-1 0.460102 0.416015 0.123883
-1 0.460178 0.416091 0.123731
-1 0.460093 0.416026 0.123881
-1 0.460179 0.416144 0.123677
-1 0.460102 0.416087 0.123811
-1 0.460116 0.416083 0.123802
-1 0.460108 0.416023 0.123869
-1 0.460112 0.416038 0.12385
-1 0.46009 0.416041 0.123868
-1 0.460074 0.416015 0.123911
-1 0.460016 0.4163 0.123684
-1 0.460082 0.416032 0.123887
-1 0.460127 0.416033 0.12384
-1 0.460111 0.416045 0.123844
-1 0.460113 0.41607 0.123817
-1 0.460071 0.416007 0.123922
-1 0.460136 0.416147 0.123717
-1 0.460104 0.416112 0.123784
-1 0.460071 0.416024 0.123905
-1 0.459246 0.417346 0.123407
-1 0.460135 0.416107 0.123758
-1 0.460086 0.416037 0.123877
-1 0.460073 0.416008 0.123918
-1 0.460101 0.416022 0.123877
-1 0.460126 0.416589 0.123285
-1 0.460204 0.416278 0.123518
-1 0.460128 0.416088 0.123784
-1 0.459847 0.416454 0.1237
-1 0.460081 0.416021 0.123898
-1 0.456754 0.419709 0.123537
-1 0.460098 0.416254 0.123648
-1 0.46 0.416328 0.123673
-1 0.460097 0.416029 0.123874
-1 0.460177 0.41614 0.123683
-1 0.460117 0.416053 0.123831
-1 0.46008 0.416036 0.123884
-1 0.46011 0.416021 0.123869
-1 0.460128 0.416006 0.123866
-1 0.460135 0.416184 0.123681
-1 0.460074 0.416014 0.123912
-1 0.460111 0.416066 0.123823
-1 0.460091 0.416032 0.123877
-1 0.460079 0.416018 0.123903
-1 0.46009 0.416014 0.123896
-1 0.460156 0.416065 0.123779
-1 0.456498 0.419899 0.123603
-1 0.460226 0.416301 0.123473
-1 0.460113 0.416049 0.123837
-1 0.460097 0.416019 0.123885
-1 0.460117 0.416037 0.123847
-1 0.460213 0.41609 0.123697
-1 0.46008 0.416036 0.123884
-1 0.460108 0.416017 0.123875
-1 0.460176 0.416069 0.123755
-1 0.46021 0.41628 0.12351
-1 0.460079 0.416023 0.123898
-1 0.460142 0.416174 0.123685
-1 0.460331 0.41619 0.123479
-1 0.460061 0.416019 0.12392
-1 0.460213 0.416112 0.123675
-1 0.460121 0.416038 0.12384
-1 0.460108 0.416019 0.123873
-1 0.459777 0.416529 0.123694
-1 0.460121 0.41604 0.123839
-1 0.45954 0.417132 0.123328
-1 0.460139 0.416053 0.123808
-1 0.460087 0.416033 0.12388
-1 0.460089 0.416022 0.123889
-1 0.46009 0.416012 0.123898
-1 0.460104 0.416018 0.123878
-1 0.460094 0.416035 0.12387
-1 0.460121 0.416035 0.123845
-1 0.459849 0.416486 0.123665
-1 0.46007 0.416011 0.123919
-1 0.460115 0.416032 0.123854
-1 0.460103 0.416021 0.123875
-1 0.460107 0.416013 0.12388
-1 0.460072 0.416007 0.123921
-1 0.460088 0.416022 0.12389
-1 0.460106 0.416033 0.123861
-1 0.460131 0.416032 0.123838
-1 0.460091 0.416044 0.123864
-1 0.460082 0.416049 0.123869
-1 0.460126 0.416018 0.123856
-1 0.460091 0.41623 0.123679
-1 0.460108 0.416023 0.12387
-1 0.460125 0.416085 0.12379
-1 0.4601 0.416011 0.123889
-1 0.460057 0.416137 0.123806
-1 0.46007 0.416192 0.123738
-1 0.460115 0.416061 0.123824
-1 0.460091 0.416034 0.123874
-1 0.460235 0.416181 0.123585
-1 0.46011 0.416038 0.123852
-1 0.460135 0.416038 0.123826
-1 0.460105 0.416024 0.12387
-1 0.46011 0.416088 0.123802
-1 0.460141 0.416267 0.123592
-1 0.460131 0.416292 0.123577
-1 0.46007 0.416014 0.123916
-1 0.460112 0.416039 0.123849
-1 0.460093 0.416012 0.123895
-1 0.460193 0.416141 0.123666
-1 0.460132 0.41608 0.123787
-1 0.460121 0.416035 0.123844
-1 0.460098 0.416019 0.123883
-1 0.460172 0.416157 0.123671
-1 0.460119 0.416183 0.123697
-1 0.460121 0.416101 0.123778
-1 0.460104 0.416041 0.123855
-1 0.460099 0.41601 0.123891
-1 0.4601 0.416013 0.123887
-1 0.460106 0.416041 0.123853
-1 0.460082 0.416014 0.123904
-1 0.460106 0.416014 0.12388
-1 0.458519 0.417813 0.123668
-1 0.455159 0.421033 0.123808
-1 0.45951 0.416816 0.123674
-1 0.459951 0.416323 0.123726
-1 0.460093 0.416078 0.123829
-1 0.460121 0.416209 0.12367
-1 0.460149 0.416065 0.123787
-1 0.46013 0.416082 0.123788
-1 0.460083 0.416026 0.123891
-1 0.460115 0.416095 0.123789
-1 0.460162 0.4164 0.123438
-1 0.460107 0.416018 0.123875
-1 0.460187 0.416215 0.123598
-1 0.460109 0.416023 0.123868
-1 0.460081 0.416017 0.123902
-1 0.46015 0.416075 0.123775
-1 0.460132 0.416058 0.12381
-1 0.460089 0.416018 0.123893
-1 0.460121 0.416033 0.123846
-1 0.460096 0.416013 0.123891
-1 0.460087 0.416013 0.1239
-1 0.460121 0.416049 0.123831
-1 0.460098 0.416036 0.123865
-1 0.460004 0.416261 0.123734
-1 0.46019 0.416294 0.123516
-1 0.459946 0.416757 0.123298
-1 0.459861 0.41689 0.123249
-1 0.460109 0.416535 0.123356
-1 0.460023 0.416669 0.123308
-1 0.460211 0.416426 0.123363
-1 0.460119 0.416499 0.123382
-1 0.460133 0.41656 0.123307
-1 0.46005 0.416627 0.123323
-1 0.460099 0.416048 0.123853
-1 0.46015 0.416385 0.123465
-1 0.459378 0.417142 0.12348
-1 0.460162 0.416522 0.123316
-1 0.460133 0.416063 0.123804
-1 0.460118 0.416029 0.123853
-1 0.460127 0.416037 0.123836
-1 0.460082 0.416012 0.123905
-1 0.460122 0.416027 0.123851
-1 0.460093 0.416024 0.123883
-1 0.45666 0.419633 0.123706
-1 0.460088 0.416093 0.12382
-1 0.460153 0.416246 0.123601
